832
204
764
389
760
393
952
771
725
617
427
724
873
911
690
166
680
869
566
257
779
535
32
38
407
742
426
266
297
707
383
769
25
358
906
278
923
757
361
8
682
973
66
233
675
935
355
711
831
124
633
101
651
448
35
451
549
257
704
410
258
290
609
93
490
254
73
394
356
871
873
150
351
482
838
713
823
712
373
423
959
275
241
956
252
743
207
731
332
976
894
386
790
952
282
842
353
955
827
625
348
418
76
910
890
230
33
249
670
1000
199
23
496
589
439
489
4
186
309
674
48
371
470
500
354
885
186
251
927
274
637
902
568
185
4
878
624
868
824
559
726
326
120
174
862
672
210
790
595
432
905
780
615
975
976
475
110
755
450
731
622
763
250
770
148
456
166
991
280
419
953
373
53
198
602
759
4
82
471
562
681
55
18
355
439
813
332
455
931
525
524
776
121
951
315
202
5
657
824
259
469
325
660
60
898
559
881
428
193
193
318
564
835
808
33
857
517
71
396
258
661
546
389
131
796
836
250
669
417
254
523
737
414
752
872
512
585
498
799
373
68
309
524
307
745
153
848
496
797
30
774
880
635
885
23
200
375
622
371
453
848
894
868
753
936
139
638
272
649
207
902
373
929
33
289
990
668
26
281
81
778
239
875
256
438
912
122
706
865
709
259
221
21
807
551
373
682
3
808
915
225
190
774
74
279
872
231
698
128
859
720
122
374
944
228
257
914
127
58
603
718
932
382
836
247
445
631
136
605
986
975
674
686
719
631
530
625
110
639
841
866
850
29
175
15
762
34
950
436
252
100
240
251
51
972
428
998
382
65
16
703
162
655
325
532
544
162
984
512
919
965
849
41
484
698
442
8
610
983
102
414
554
881
766
314
489
142
711
733
457
481
654
992
586
721
314
523
849
620
910
826
721
576
110
680
303
250
619
136
880
304
933
59
436
108
798
213
324
260
549
972
172
207
830
740
94
92
138
73
461
160
293
331
807
747
169
378
929
892
999
525
869
87
124
395
265
534
326
871
523
569
775
622
334
555
181
952
360
664
973
884
309
435
170
467
196
911
164
248
330
420
813
740
450
829
68
522
459
169
880
256
437
66
256
554
953
343
184
97
194
492
558
832
132
432
414
395
753
153
522
122
345
369
834
150
6
256
379
130
815
750
934
42
538
613
215
423
388
677
372
92
91
232
319
110
435
563
771
286
554
961
901
2
450
421
225
528
601
373
643
260
98
452
576
535
405
320
793
750
740
975
810
532
41
821
755
610
696
10
144
868
495
219
381
756
782
55
636
910
409
780
425
316
869
860
411
835
970
159
868
241
500
252
822
172
573
409
61
567
831
313
131
221
162
456
906
73
411
451
554
704
391
228
526
332
569
179
727
262
2
842
127
367
442
644
957
659
61
549
17
438
893
210
813
820
942
345
982
662
854
643
900
42
220
429
483
478
856
702
903
18
847
937
376
186
773
185
221
513
273
630
108
50
36
729
785
827
389
447
610
700
851
925
882
389
461
117
328
830
182
529
75
112
420
247
112
420
523
838
546
358
175
558
912
978
721
530
447
637
837
208
485
533
386
500
86
398
995
357
589
376
631
526
40
525
439
425
340
779
193
775
513
404
982
696
724
191
174
492
537
673
264
209
439
629
952
387
833
19
696
104
549
283
998
546
424
630
922
852
639
537
651
899
329
178
460
43
440
932
95
558
920
427
409
661
129
776
78
572
771
852
359
13
749
409
126
896
88
863
918
756
479
357
277
630
48
505
477
675
685
864
613
825
620
755
131
151
980
530
95
412
728
756
876
498
743
64
485
47
794
637
502
585
792
366
360
927
44
743
806
422
192
449
498
883
112
422
29
642
383
920
158
290
807
705
662
43
102
25
9
604
111
517
13
627
785
480
739
570
739
259
174
811
433
592
618
405
851
896
304
719
130
394
517
515
740
893
335
759
670
797
174
522
579
634
540
887
9
981
704
687
572
163
569
242
502
527
643
994
65
390
870
84
111
22
37
478
479
94
637
197
68
126
338
570
121
357
667
202
679
338
138
532
224
292
785
429
238
953
11
265
787
159
726
304
255
944
969
54
53
262
618
406
452
762
316
48
701
212
457
620
236
288
914
516
92
435
229
82
610
424
126
192
140
40
560
813
721
72
968
257
659
395
54
239
512
472
220
752
238
47
694
18
169
155
539
480
12
822
971
842
346
986
826
698
879
248
624
150
345
39
368
140
16
637
133
920
732
302
537
189
767
456
371
975
80
432
53
229
237