1210
2742
422
1389
2601
177
2064
1659
1757
900
1241
1743
2670
2947
2253
459
643
714
2770
567
1869
747
306
2309
2956
2214
2112
172
288
1886
243
2888
2427
2523
1843
1271
2556
98
2803
1821
649
93
79
936
2444
686
673
1994
228
1604
1748
1503
331
2929
1118
1992
2418
477
231
2028
566
1380
2311
2642
1258
2410
1280
2675
1642
1151
592
696
2090
1509
571
2195
1719
1459
990
2526
1314
2349
2500
1537
639
909
2267
2193
2159
1422
2058
1742
1694
2542
2281
1612
1662
630
2676
2675
2503
173
920
2262
1200
1643
2744
1449
2132
1247
2250
186
497
973
2359
2233
2142
1683
661
6
448
2194
557
2882
2940
2034
189
1789
1438
983
2757
2992
1474
244
2500
214
1650
876
705
593
2200
94
1444
403
311
1173
1258
2958
2758
2284
1857
122
2708
424
2719
867
2760
680
1938
2543
295
2008
2044
803
398
1013
454
413
2562
2771
2205
1511
618
2450
2874
185
857
2901
1826
207
2224
379
2119
525
563
279
2544
139
1161
2849
361
94
2506
1508
2500
573
1186
150
476
1299
2929
907
1356
1901
1319
2144
2606
703
1633
1679
2699
1435
2059
1192
883
1157
2059
1902
2529
2148
1580
2747
337
2279
1216
926
840
2409
1870
1249
1588
2394
2213
71
1023
2035
466
921
2175
638
705
332
2189
141
1051
2039
1791
123
1643
541
1897
2722
1651
1521
1633
1441
290
2173
1511
2023
1071
2002
133
2124
959
331
48
2185
704
2078
1972
594
2876
1545
1543
679
840
160
2885
950
834
1169
2057
627
736
1620
2737
1905
1206
2592
2542
2226
1806
2630
687
2929
269
2434
1421
102
1312
654
413
2566
323
1734
1125
1902
638
944
1383
2792
2115
1524
2000
263
1868
1335
1306
1243
1023
2849
751
1646
1685
601
1714
2257
71
251
1697
2843
1178
77
1030
2650
233
350
1317
97
2732
290
2144
750
2674
2878
2746
1160
1916
2228
2101
1563
1010
2931
612
181
1328
809
2340
1963
601
1278
2517
2035
2378
448
1746
192
649
1229
2300
797
126
635
2408
746
2563
1623
2343
1744
1732
735
259
1063
813
2654
2651
2555
2976
2249
1251
2519
2550
2503
298
2199
2353
1224
2439
2453
701
2177
1920
2689
2961
432
321
2760
1223
2340
1060
2636
2385
2474
2588
385
875
27
311
2194
604
1454
770
480
327
2047
1715
2908
1184
2861
1939
916
1646
80
2605
2709
2950
1695
1048
20
2866
115
2140
465
2209
2106
1344
865
1177
309
2040
805
1734
2624
2771
937
2379
2328
1012
1364
1872
2226
969
556
1601
2210
1629
2334
2198
2576
2069
2375
1878
2210
1007
71
2541
2453
834
541
968
1674
1252
2106
1898
799
2795
2558
381
2162
2648
1448
811
2258
2882
2048
1832
2018
1919
1332
2646
2069
2466
2708
2164
1596
2944
101
31
459
1073
288
1056
970
2101
281
2517
591
2125
67
650
2446
416
2109
2413
1387
862
1292
560
374
2014
2222
1282
667
2958
713
1395
1576
1980
787
1686
1134
475
2292
6
2058
2358
1770
1316
629
2498
933
643
1201
223
1250
2505
936
1614
126
2567
162
1172
468
2041
2934
1436
526
2204
2127
2170
177
1837
2029
2972
1372
1747
347
1959
2478
810
378
2211
160
1467
1018
80
1510
2144
625
1405
2306
1162
2862
1099
1147
2765
1695
2557
2096
1606
1166
2823
2315
2586
2293
572
2697
279
2990
2968
302
2950
2135
2252
1852
193
2952
1890
707
2901
2791
731
2014
1890
954
495
2896
2065
2096
2542
2621
2750
1684
246
167
110
2967
2767
2171
2987
1529
794
2131
1287
2971
696
655
1481
2940
1777
920
217
1262
2133
888
549
2840
2808
967
147
1312
1583
1854
648
1125
372
2780
2410
740
1679
49
2411
124
637
1298
2309
512
2576
530
694
1208
756
2406
1004
1862
2660
834
2469
2905
2930
483
1482
259
964
935
2098
2617
132
2860
699
2369
1126
1125
1701
853
2713
2318
2621
1572
2282
2480
435
701
2418
1905
2910
2066
157
2475
1715
394
58
2052
706
420
2893
1729
727
2085
124
2303
2914
1546
1814
1853
189
1301
2177
2965
719
2822
2112
893
1194
2010
2687
208
1802
2853
1485
508
826
1642
2228
419
2755
2747
1289
1209
700
992
451
1611
2821
2539
2549
2550
2533
1584
1971
1564
2
1798
1767
1906
2734
2333
1189
485
400
1082
1769
1376
237
348
630
2466
2941
151
79
816
768
442
2581
2647
45
2996
590
1919
670
2986
1413
952
1812
2095
1950
1296
2050
314
1130
2562
2810
840
216
351
1770
247
1708
532
2535
1458
1142
2236
749
623
1680
1181
1447
2835
1810
2801
910
1851
2509
2972
2229
950
2201
483
2908
2653
2367
1619
2918
2883
529
2537
1786
890
1237
1769
1062
1631
1409
1560
189
825
2349
1042
1827
2173
485
451
1379
2141
1618
463
2835
656
1580
212
2949
2175
1721
2810
233
2453
914
1854
2108
1872
768
2815
1919
981
1400
2190
2152
1234
839
1339
1246
975
1781
1595
2279
1126
2334
2603
1513
1545
920
2435
1138
937
1681
1944
1518
527
1335
1963
1980
1666
1402
2691
1337
2905
2047
1006
2652
2141
1998
2015
2435
1745
2794
1360
422
998
1264
393
746
2891
2994
1450
2183
843
772
1149
981
2858
2479
279
2694
2994
2965
2435
1479
1841
1020
1052
2114
1801
1901
226
2134
1531
536
704
470
328
662
2822
591
59
312
833
1200
1415
105
2763
2090
47
2822
2420
2016
1356
2316
1990
1416
2439
1861
1050
1955
1103
2744
1781
1242
2670
1408
166
1903
1834
1301
2489
1941
811
225
362
1210