51
-49
48
-88
-26
-88
60
15
-64
58
-85
-48
-85
-90
85
-93
16
-16
53
7
-15
59
57
51
-22
-58
33
19
82
85
100
40
-1
-65
-19
92
-82
-34
-92
47
-46
-11
98
-54
-56
-22
-44
29
-56
-55
46
-13
90
-21
44
87
39
82
4
15
6
-22
62
96
68
-58
91
40
-91
-66
-92
75
-38
-54
53
59
54
32
51
33
-3
62
27
-25
-53
-20
-45
18
26
100
-6
47
-99
-87
-57
-9
84
35
28
55
-72
-12
11
87
-31
83
-28
-93
-55
-37
67
21
-81
-65
-94
45
-8
25
-84
85
-98
35
58
56
66
73
90
20
58
-75
35
-99
-46
33
-39
-68
-3
48
-80
-77
-28
-8
44
60
-78
30
-38
69
-12
-94
-24
-15
40
73
33
-57
-14
-90
-10
-3
16
9
-42
57
-75
-36
73
-56
85
-39
-72
-84
-7
-64
-100
-51
-71
-79
67
18
-8
-64
-94
-71
-37
40
61
-76
74
-79
72
10
-90
-67
89
91
-14
-3
24
-88
-21
-27
-85
0
-21
6
-31
21
-94
-18
60
-32
-54
-19
-6
-31
-45
-4
-74
35
-80
-13
-21
58
-21
96
11
59
61
14
-54
72
-40
-18
-38
-28
74
-65
-47
-75
-100
91
-30
-67
81
47
-56
51
1
59
92
31
-61
95
70
-23
85
-83
-40
-95
-61
-80
66
58
70
81
-79
12
-39
-61
-59
-5
65
12
-10
-98
99
54
7
-27
-45
64
89
-59
73
64
13
16
-100
-56
73
70
46
86
61
-87
79
48
73
72
31
-76
97
48
-71
47
26
33
-2
-56
-98
-30
8
35
87
25
37
94
86
-95
-40
67
-52
22
82
-18
-79
-55
-92
67
-32
36
97
-32
-79
-68
-42
58
-45
-58
-51
-86
-6
-49
-78
-54
-14
-94
15
84
98
-35
-2
-88
-24
-30
89
-92
60
5
-14
-43
-94
51
74
94
-45
12
9
-89
-14
-59
-78
-99
-77
59
46
-14
4
88
27
-9
-39
87
70
-17
-100
99
-83
-30
85
74
7
-51
86
54
8
-5
-45
-91
53
-25
-79
82
-4
-54
-20
-53
2
-19
-70
-57
-82
-23
41
57
66
-74
-31
-35
-31
81
13
95
-28
-65
56
-76
-60
25
-92
-35
-74
-87
23
-41
95
40
-77
11
-47
3
-75
100
-22
-32
-96
-1
84
90
99
-61
24
77
66
-20
93
92
21
-7
-32
85
59
3
6
-91
68
24
-25
-64
-87
4
65
-7
-51
51
45
31
3
-16
18
55
82
90
50
-77
62
-46
34
62
-92
71
97
-34
-19
-10
55
-32
78
8
63
77
-97
-60
-2
52
-56
24
-30
-72
70
-59
96
34
32
-92
26
41
80
-73
-63
97
32
9
-98
-87
31
-27
61
-24
-70
93
-52
66
-31
-83
-66
97
-21
-17
83
74
-60
-24
-20
97
-49
25
-66
39
50
24
-41
74
-90
-20
99
95
-77
-57
34
22
6
-68
-55
-79
82
-21
-9
90
-11
-18
26
-32
-59
-89
-90
-76
-13
78
63
99
22
-40
-36
-82
-30
49
-27
-15
86
10
7
67
-87
-12
-81
-52
93
10
37
84
-51
44
41
63
32
64
60
50
-65
90
-86
-85
37
45
-71
12
70
98
-51
-91
-47
81
-84
72
62
8
-25
-65
-36
38
-74
-34
72
-71
-41
29
-40
31
-91
-82
15
-11
13
-50
4
67
43
-61
-94
-73
-88
-53
79
-62
-44
95
75
-72
92
-74
72
94
6
-28
-49
93
-24
88
76
24
-61
-45
-7
14
-43
-77
-88
-24
0
-17
51
-82
-43
-4
79
-43
-47
-25
20
11
-14
-80
30
-3
68
98
29
92
-4
25
51
-46
-55
45
-75
-77
91
49
77
0
-45
18
-43
-97
-30
-48
89
37
-57
12
-47
21
-34
-32
9
89
-12
99
-39
17
86
36
71
-13
49
-95
85
-2
-10
-2
-70
24
93
83
-31
-76
-70
-8
-58
-68
-78
54
-62
-57
64
-4
-57
55
-17
-9
81
-39
-2
57
21
11
-10
67
91
2
-83
21
-23
-18
3
24
98
-10
10
-90
17
82
-10
79
74
72
16
87
-84
30
52
85
22
66
-13
25
75
58
-12
74
-76
48
-61
-33
-21
-28
-95
52
75
-9
-95
28
-72
-28
20
52
-18
98
13
-49
-97
14
81
7
55
-30
-1
-68
-12
-59
-11
-3
-46
-88
-6
-17
-93
36
88
67
-31
60
-98
32
-57
31
-42
4
-23
89
-75
27
90
-14
-11
-99
57
56
23
-73
96
-4
-21
-2
2
40
9
32
62
-52
-31
-82
11
-80
11
-51
-59
-8
68
63
60
-1
88
-13
-24
56
9
-24
-72
86
91
16
70
-29
-9
40
-88
22
-98
-20
-57
-48
65
40
-19
-99
40
-87
-82
41
20
41
-36
-88
-76
-81
-78
-67
-92
-26
43
-48
-43
-11
25
-63
-57
-18
39
44
81
26
20
83
90
-44
-66
-53
-2
5
-54
-97
54
4
-25
27
-41
23
36
-22
-46
-32
-16
-77
75
-39
37
-57
-73
27
56
93
-91
60
-8
4
64
-2
-15
95
-39
72
-48
28
-14
32
-62
20
5
65
-24
39
4
9
30
95
84
8
-39
-57
41
-94
1
7
14
31
-21
76
#